%YAML:1.0
---
err1: 9.0357907212261501e-02
err2: 8.6213196269902842e-02
calibErr: 8.8844789053456885e-02
M1: !!opencv-matrix
   rows: 3
   cols: 3
   dt: d
   data: [ 3.6828775610910623e+02, 0., 3.7532770670800534e+02, 0.,
       3.6805948067915165e+02, 2.4624499784563181e+02, 0., 0., 1. ]
D1: !!opencv-matrix
   rows: 4
   cols: 1
   dt: d
   data: [ -1.9156392007048367e-02, -8.4892254984322308e-03,
       5.8116096240974349e-03, -3.0064649479559814e-03 ]
M2: !!opencv-matrix
   rows: 3
   cols: 3
   dt: d
   data: [ 3.6590560499311914e+02, 0., 3.7668601622884592e+02, 0.,
       3.6583980740989233e+02, 2.3386679018901640e+02, 0., 0., 1. ]
D2: !!opencv-matrix
   rows: 4
   cols: 1
   dt: d
   data: [ -2.5019385232712278e-02, 3.0906798993816618e-03,
       -4.9778218132171112e-03, 6.9326631167056175e-04 ]
R: !!opencv-matrix
   rows: 3
   cols: 3
   dt: d
   data: [ 9.9999707868502186e-01, -2.1300266846989218e-03,
       1.1426319375660472e-03, 2.1286085380261156e-03,
       9.9999696458366760e-01, 1.2409065810279241e-03,
       -1.1452716333332207e-03, -1.2384707398508080e-03,
       9.9999857727054409e-01 ]
T: !!opencv-matrix
   rows: 3
   cols: 1
   dt: d
   data: [ -1.2006747229467591e+02, 8.8939636199367095e-02,
       -4.1269859754347676e-01 ]
R_euler: [ -7.0959211120308369e-02, 6.5619245330935508e-02,
    1.2196045754910474e-01 ]


Rectify.balance: 0.0

# 这个参数用于调节裁边
Rectify.fov_scale: 1

Camera.fx: 307.3070580996126
Camera.fy: 307.3070580996126
Camera.cx: 372.865217584225
Camera.cy: 240.0338623810578

Camera.width: 752
Camera.height: 480
